91,3
91,1
83,3
83,1
78,4
78,3
78,1
49,5
49,1
44,3
44,2
44,1
43,3
43,2
43,1
42,3
42,2
42,1
41,3
41,2
41,1
40,3
40,2
40,1
39,3
39,2
39,1
20,3
20,2
20,1
38,2
19,3
38,1
19,2
38,3
19,1
0,408
0,0
90,3
90,1
90,4
54,6
54,5
54,9
54,3
54,1
54,4
0,479
13,1
13,3
14,1
14,3
0,9
102,34
102,33
102,32
102,31
102,30
102,29
102,28
102,27
102,26
102,25
102,24
102,23
102,22
102,21
102,20
102,19
102,18
102,17
102,16
102,15
102,14
102,13
102,12
102,11
102,10
102,9
102,8
102,7
102,6
102,5
102,4
102,3
102,2
102,0
0,276
0,275
0,272
0,271
0,12
0,478
0,10
0,8
0,437
0,356
